texte,label,pred_label
